n=2
shape=[2, 13, 1]
weights=[array([[ -96.72993086,   85.07234125, -199.13032015],
       [ -13.32557157,   11.59613367,  -26.96975113],
       [-104.63523182,   79.51770012, -195.57347489],
       [ -10.30053778,    8.43698549,  -19.85269923],
       [ -74.01110638,   64.05273663, -149.36257051],
       [-242.98625272,  204.60639045, -474.97579323],
       [ -49.3550666 ,   40.21595874,  -97.03360518],
       [ -17.65708301,   14.9012205 ,  -34.55041487],
       [ -41.20291763,   32.93378681,  -82.46246097],
       [  40.547781  ,  -37.77899936,   86.27004281],
       [ 126.86121002,  -79.20197018,  203.8355314 ],
       [ -66.63833009,   54.80640272, -128.04275816],
       [  77.76464315,  -64.59036949,  150.39504643]]), array([[  352.38539369,  -254.09643363,   370.23070494,    77.62668699,
          188.88526174,  -124.09179469,  -292.03166385,  -139.60411303,
         -510.38917739,  -274.94738746,   319.29421268,    39.95498807,
           36.30194021,  2613.13242351]])]
