n=2
shape=[2, 13, 13, 1]
weights=[array([[  4.58737906e+00,  -1.95568874e-01,   1.82869369e+01],
       [  7.50738777e+01,   5.35318423e+01,   1.57330893e+02],
       [  3.81670764e+01,   2.57268744e+01,   1.02526584e+02],
       [  3.45924702e+01,   2.15399492e+01,   9.28893609e+01],
       [ -2.22784011e+01,  -1.42169661e+01,  -5.49156824e+01],
       [  2.46662734e+00,   3.87029604e+00,  -2.07790106e+00],
       [ -5.95933740e+00,  -1.53424270e+00,  -2.44461413e+01],
       [ -1.42017621e+01,  -5.71375852e-01,  -7.25123553e+01],
       [ -5.40588370e+01,  -3.00401425e+01,  -1.50904917e+02],
       [ -7.35585661e+01,  -3.65111967e+01,  -1.92306431e+02],
       [  6.77726968e+01,   3.86071712e+01,   1.71265578e+02],
       [ -1.14049926e+02,  -6.42177279e+01,  -3.00590148e+02],
       [ -2.28533974e+01,  -1.11860111e+01,  -7.41342362e+01]]), array([[  1.73527138e+01,   3.26934052e+01,  -1.01164078e+00,
         -1.42152879e+01,   2.72847578e-01,   1.82356577e+01,
          4.90474859e+00,  -2.24008473e+01,   2.57230367e+01,
          3.41304455e+01,   1.62432930e+01,   9.42300162e+00,
         -8.14875007e+00,  -2.12670253e+02],
       [  2.25586261e+01,   3.83734816e+01,  -1.08452561e+00,
         -1.70761821e+01,   8.70571036e-01,   2.25321966e+01,
          5.56750398e+00,  -2.87807295e+01,   3.11831954e+01,
          4.08359276e+01,   1.85511278e+01,   1.08656011e+01,
         -1.04882075e+01,  -2.57988398e+02],
       [  5.23305529e+01,   8.88578173e+01,  -2.63192662e+00,
         -3.95849413e+01,   2.04188645e+00,   5.28605290e+01,
          1.29035269e+01,  -6.66154310e+01,   7.23165024e+01,
          9.39839297e+01,   4.32886817e+01,   2.46045029e+01,
         -2.45648170e+01,  -5.97407013e+02],
       [ -2.42655565e+01,  -4.23892010e+01,   1.26962484e+00,
          1.86659633e+01,  -7.77255038e-01,  -2.47710773e+01,
         -6.26838253e+00,   3.08842700e+01,  -3.38699287e+01,
         -4.44879590e+01,  -2.05030244e+01,  -1.18492639e+01,
          1.12416267e+01,   2.81548922e+02],
       [ -1.88923434e+01,  -3.03071951e+01,   1.28575942e+00,
          1.35839829e+01,  -6.18297814e-01,  -1.84544142e+01,
         -4.54942427e+00,   2.41370623e+01,  -2.52141941e+01,
         -3.26644209e+01,  -1.47250693e+01,  -8.32806591e+00,
          8.95643145e+00,   2.07412505e+02],
       [ -1.41643127e+01,  -2.52533778e+01,   6.97609643e-01,
          1.11360488e+01,  -4.29244397e-01,  -1.47292226e+01,
         -3.61077503e+00,   1.82453032e+01,  -2.00956484e+01,
         -2.63472536e+01,  -1.22980964e+01,  -7.12341434e+00,
          6.79834935e+00,   1.66938842e+02],
       [ -1.22481831e+01,  -1.99210854e+01,   7.27358410e-01,
          8.77396150e+00,  -2.18470994e-01,  -1.15577221e+01,
         -2.99649850e+00,   1.54570464e+01,  -1.62882389e+01,
         -2.14134209e+01,  -9.57298791e+00,  -5.46744636e+00,
          5.78705385e+00,   1.35503182e+02],
       [  2.14036065e+01,   3.72405258e+01,  -1.11547360e+00,
         -1.62596763e+01,   7.60198571e-01,   2.15904654e+01,
          5.58708121e+00,  -2.71573591e+01,   3.00714487e+01,
          3.96683277e+01,   1.80567072e+01,   1.05263369e+01,
         -9.85983035e+00,  -2.48295867e+02],
       [  8.00638400e+00,   1.41685056e+01,  -2.85630899e-01,
         -6.30331275e+00,   3.92782338e-01,   8.37771536e+00,
          2.36620337e+00,  -1.05222249e+01,   1.13702968e+01,
          1.49992405e+01,   6.95108849e+00,   3.96785880e+00,
         -3.91901049e+00,  -9.50872945e+01],
       [  3.73402055e+01,   6.55941318e+01,  -1.60421876e+00,
         -2.90291493e+01,   1.41660269e+00,   3.81997893e+01,
          9.77926575e+00,  -4.77026857e+01,   5.24019135e+01,
          6.89207127e+01,   3.19038234e+01,   1.83622694e+01,
         -1.75462231e+01,  -4.36166678e+02],
       [ -8.49002674e+01,  -1.27617625e+02,   6.70986743e+00,
          5.71948510e+01,  -3.10721311e+00,  -7.86842300e+01,
         -1.85422799e+01,   1.08542666e+02,  -1.10491866e+02,
         -1.42267331e+02,  -6.13674720e+01,  -3.54484403e+01,
          4.07407553e+01,   9.01242483e+02],
       [ -5.32368816e+01,  -9.38002413e+01,   2.33102891e+00,
          4.16394937e+01,  -1.88592377e+00,  -5.47714804e+01,
         -1.38726517e+01,   6.81516188e+01,  -7.50699654e+01,
         -9.85354111e+01,  -4.56555729e+01,  -2.60223254e+01,
          2.49778376e+01,   6.22650766e+02],
       [ -2.61830570e+01,  -4.33499060e+01,   1.64700217e+00,
          1.92730086e+01,  -1.18229759e+00,  -2.58573158e+01,
         -6.32247518e+00,   3.35779271e+01,  -3.57738487e+01,
         -4.63428679e+01,  -2.10015627e+01,  -1.21514770e+01,
          1.22758850e+01,   2.94082867e+02]]), array([[  322.58242249,   180.72472346,   -74.03577117,   -76.64388958,
          395.77001434,   149.41629664,  -389.49167115,  -495.96509385,
           92.09973176,   120.3939031 ,  -520.93801844,  -156.1459823 ,
         -143.24877179,  2990.40224527]])]
