n=4
shape=[4, 13, 13, 1]
weights=[array([[  993.22922981, -1599.62075354,  -689.73135447,  -458.9775487 ,
         3502.93838781],
       [  338.61029327,  -555.3640361 ,  -194.25648401,   -94.91683567,
          836.48386319],
       [ -442.40401056,   790.06853938,   331.60085022,   226.4584628 ,
        -1698.07864158],
       [  877.27092135, -1853.60574963, -1010.68352374,  -416.76379846,
         3942.58764268],
       [  762.85893888, -1137.71970191,  -446.02830837,  -356.04867207,
         2403.95755693],
       [ 1977.00644622, -3391.25703417, -1363.43990419,  -991.34006822,
         6991.17924871],
       [  166.76982278,  -373.20419609,   -99.78892772,   -92.87422623,
          921.03306414],
       [ -370.23047413,   666.76053248,   147.47203889,   237.64894654,
        -1328.37505789],
       [  199.04113655,  -163.1141728 ,   -77.57084138,   -96.28484169,
          407.26877141],
       [ -377.902247  ,   838.12969441,   110.90374218,   169.4815205 ,
        -1635.9769349 ],
       [ -688.87000319,  1088.92248187,   471.94705707,   374.20832558,
        -2568.09575406],
       [-1312.72825414,  2323.89830642,   970.92731965,   613.86604486,
        -4622.7155481 ],
       [ -159.83038827,   378.105042  ,   141.32924798,   164.72271643,
         -968.94010157]]), array([[   359.11123404,   -200.3484913 ,   -421.0561829 ,   -394.97698447,
          -251.58596682,    247.95599987,   -869.15574397,    521.7836623 ,
           292.61723248,    592.64677804,   -112.86200891,     90.07551728,
          -921.20705444,   4624.6082569 ],
       [  -209.79839642,    110.21868839,    241.5786392 ,    229.15665461,
           142.5467504 ,   -151.70175869,    499.90598829,   -305.82197196,
          -171.71868599,   -342.5402782 ,     64.63441708,    -49.91490532,
           535.26028885,  -2667.75671862],
       [  -738.13042772,    392.95837081,    884.74130649,    742.53740478,
           594.27821478,   -530.64150763,   1948.17276462,  -1148.8462065 ,
          -592.31534847,  -1355.07150942,    202.6092483 ,   -165.76525834,
          2038.82084492, -10423.49249348],
       [  -722.49478072,    313.56555947,    814.34623073,    764.77146617,
           487.3766297 ,   -577.71787391,   1751.08778075,  -1080.29709845,
          -645.99386333,  -1230.01350948,    206.72796778,   -131.66933246,
          1879.20926608,  -9197.18075663],
       [  -324.27023163,    175.4688802 ,    378.64258428,    361.67537617,
           220.74356113,   -230.67164122,    778.64765731,   -472.8092298 ,
          -270.08082874,   -530.71542396,    102.2269457 ,    -80.22154773,
           831.73677162,  -4137.19539604],
       [    94.89080452,    -50.26277229,   -109.75027658,   -104.59857336,
           -64.09676854,     68.66893853,   -226.31961469,    138.87617123,
            78.18483935,    154.74674773,    -29.52508131,     22.9733381 ,
          -243.05640553,   1208.41847364],
       [  -454.6474665 ,    262.48417246,    511.26889463,    489.49971179,
           300.44056301,   -309.12360537,   1029.7161886 ,   -639.58082426,
          -320.33081316,   -691.13530324,    143.57317357,   -125.05142626,
          1110.29959555,  -5646.52227609],
       [ -1637.27451455,    810.86515584,   1768.60006796,   1615.73729522,
          1119.06045747,  -1212.13871656,   3756.09997859,  -2345.8645497 ,
         -1147.87712666,  -2593.70715369,    461.18861337,   -360.97055343,
          4033.00017809, -20585.62257738],
       [   204.28625352,   -120.46051437,   -244.79757151,   -239.84259261,
          -136.29789981,    137.97524336,   -487.99826376,    295.29095166,
           172.34769788,    327.31094302,    -68.71831661,     56.9942893 ,
          -522.6229253 ,   2588.10077151],
       [  -677.05782072,    373.23010826,    780.76179898,    746.90329874,
           453.01176917,   -478.8039024 ,   1592.34109194,   -980.59086516,
          -533.58479936,  -1079.09663998,    213.0128362 ,   -174.91747428,
          1713.64899843,  -8570.59242508],
       [  -254.6614003 ,    148.89533085,    294.84945934,    260.06649102,
           188.49522503,   -173.6166429 ,    618.32390776,   -376.83392641,
          -174.83142926,   -419.30795575,     74.79229713,    -69.07095863,
           659.66605265,  -3407.54772638],
       [   217.12207232,   -117.33944663,   -248.11830164,   -237.51751556,
          -145.34108569,    154.11902011,   -508.81158003,    311.95033471,
           172.30795474,    346.65037261,    -67.80353936,     53.77869131,
          -545.67699175,   2727.35651684],
       [  -444.64361862,    242.0323315 ,    507.00646646,    488.64573611,
           293.37860232,   -315.11033455,   1032.43287933,   -637.01930405,
          -348.40971591,   -700.49773276,    139.88383369,   -112.60760791,
          1110.84598498,  -5554.01929193]]), array([[ -9896.2973869 ,   -339.79331198, -14528.8972524 ,   5584.34749111,
          1530.3131046 ,   3871.00870271, -11122.74585592,  12172.01930344,
         11275.89463901,   2896.21440868, -13617.22023223,  -2219.23351359,
         -2068.83872442,  81403.74868669]])]
