n=5
shape=[5, 13, 13, 1]
weights=[array([[  2159.50464929,   2114.3364201 ,    479.89630639,   1644.45824252,
          1436.06894895,  -5859.64021033],
       [ -4287.03094592,  -3916.5114644 ,   -203.61639376,  -2813.81956092,
         -2864.61390216,  10841.02637431],
       [   430.96757234,    578.28829218,    -76.30305621,    269.18781383,
           401.10974039,  -1447.64664555],
       [  7017.6814493 ,   7304.60315844,   1239.02402353,   5013.16216846,
          4210.55926036, -18431.47802219],
       [  1396.02483985,   1719.40926234,    104.52323805,   1231.13102469,
          1092.76230133,  -4164.60553731],
       [  7585.62667588,   6738.91859414,   1566.53055429,   5406.68559882,
          4739.50838711, -17623.97223758],
       [   729.27397135,    931.64443296,    139.49650028,    751.1957288 ,
           659.40366915,  -2533.21797193],
       [ -1355.65037222,  -1193.88954539,   -220.88714422,   -738.56685804,
          -697.46272786,   3068.73248983],
       [   554.57423861,    631.46928741,    182.06400909,    536.86105312,
           417.00841654,  -1730.70644648],
       [   362.94836337,    504.78971112,    -73.65588962,    580.95968262,
           524.03826458,  -1371.26375881],
       [  3321.25713067,   2656.21883333,   1242.35751712,   2308.62059304,
          2132.77932181,  -8350.7448832 ],
       [ -2508.1521996 ,  -2563.76799482,    -92.87840408,  -1902.0898769 ,
         -1937.33150873,   6946.97790835],
       [   571.79876916,    675.38033287,    138.82643319,    485.51530556,
           468.52996981,  -1745.7249839 ]]), array([[ -4.16385808e+02,   8.02683907e+02,  -1.59268111e+02,
          3.12308639e+02,  -3.37285009e+02,   2.10283051e+02,
          8.03459837e+01,  -5.10199993e+00,   8.51153048e+02,
         -2.81211865e+02,   8.91889125e+02,  -2.55161003e+02,
         -5.42430239e+02,   8.01203803e+03],
       [ -1.34372611e+03,   2.33866797e+03,  -4.55794135e+02,
          1.05779554e+03,  -1.20805079e+03,   5.53078677e+02,
          3.37847752e+02,   6.21837331e+01,   2.60630570e+03,
         -9.66804834e+02,   2.58256399e+03,  -6.15489306e+02,
         -1.35097368e+03,   2.45285332e+04],
       [ -6.98417750e+02,   1.30676861e+03,  -2.63891066e+02,
          5.54040182e+02,  -6.04596807e+02,   3.79745584e+02,
          1.91756256e+02,   5.04535723e+01,   1.38318377e+03,
         -4.69153835e+02,   1.37241678e+03,  -3.93377607e+02,
         -8.15443607e+02,   1.32668891e+04],
       [  2.84995026e+03,  -5.30075531e+03,   9.91103366e+02,
         -2.26982254e+03,   2.47158743e+03,  -1.49440125e+03,
         -5.92427333e+02,  -1.96167146e+02,  -5.78206518e+03,
          1.93894506e+03,  -5.79420758e+03,   1.52877301e+03,
          3.40007337e+03,  -5.44275406e+04],
       [  5.81374655e+02,  -1.04851813e+03,   1.89150489e+02,
         -4.72985929e+02,   5.16229425e+02,  -2.92346961e+02,
         -1.25203832e+02,  -5.14029190e+01,  -1.15527969e+03,
          4.04871614e+02,  -1.13960453e+03,   2.87861510e+02,
          6.43995633e+02,  -1.08734236e+04],
       [  1.18817752e+03,  -2.20885307e+03,   2.92131668e+02,
         -1.04884021e+03,   9.81576557e+02,  -7.90528306e+02,
         -1.82243747e+02,  -2.57788960e+02,  -2.16986058e+03,
          7.92494003e+02,  -2.09656111e+03,   6.75229347e+02,
          1.40809017e+03,  -2.10475384e+04],
       [ -8.68461518e+02,   1.62442431e+03,  -3.50058910e+02,
          6.60836671e+02,  -7.61638783e+02,   4.17049171e+02,
          2.15007172e+02,  -1.22756608e+01,   1.83355846e+03,
         -5.98172794e+02,   1.86857532e+03,  -4.79003307e+02,
         -1.05619831e+03,   1.71331572e+04],
       [ -1.70944817e+03,   3.17731932e+03,  -5.16697578e+02,
          1.38582903e+03,  -1.35075041e+03,   9.52593915e+02,
          4.29461155e+02,   3.18890643e+02,   2.84909040e+03,
         -1.11826541e+03,   2.79188084e+03,  -9.82848785e+02,
         -1.82894669e+03,   2.86851102e+04],
       [ -6.63056943e+01,   1.18296545e+02,  -1.60809103e+01,
          5.78986879e+01,  -5.60227303e+01,   3.95395837e+01,
          1.35689604e+01,   1.66061807e+01,   1.13877502e+02,
         -4.45279411e+01,   1.06655308e+02,  -3.32590769e+01,
         -6.74548310e+01,   1.12045723e+03],
       [ -1.12790731e+03,   2.04670942e+03,  -3.86243901e+02,
          9.00584070e+02,  -9.91425904e+02,   5.52998927e+02,
          2.62254113e+02,   8.07873478e+01,   2.22956396e+03,
         -7.82386076e+02,   2.21415588e+03,  -5.73787982e+02,
         -1.25212762e+03,   2.10732383e+04],
       [ -2.65492135e+02,   4.81448351e+02,  -8.84481919e+01,
          2.12490017e+02,  -2.31623844e+02,   1.30775890e+02,
          5.90723027e+01,   2.08245797e+01,   5.20301601e+02,
         -1.83682214e+02,   5.17805129e+02,  -1.35200429e+02,
         -2.94777595e+02,   4.92263959e+03],
       [  1.29606726e+03,  -2.21720727e+03,   4.29437995e+02,
         -1.03934672e+03,   1.23307622e+03,  -5.09659855e+02,
         -2.84663341e+02,  -3.84097790e+01,  -2.70365381e+03,
          9.55564890e+02,  -2.66166422e+03,   5.21777962e+02,
          1.30583039e+03,  -2.47384556e+04],
       [  6.33343605e+02,  -1.17989050e+03,   1.62194125e+02,
         -5.46191684e+02,   5.27342912e+02,  -3.97880658e+02,
         -8.17571452e+01,  -1.13638005e+02,  -1.20563731e+03,
          4.25418404e+02,  -1.18533806e+03,   3.50738249e+02,
          7.69023090e+02,  -1.14902017e+04]]), array([[  36400.93091833,   -8999.60949997,   24391.37040041,
          16288.4641541 ,  -10473.92961466,  -33445.73531847,
         -17552.91882683,  -25855.93188617,  -27632.4066197 ,
          -1094.03008783,    4440.08680154,   28858.08244353,
         -30127.10826207,  189782.7547678 ]])]
