n=3
shape=[3, 13, 1]
weights=[array([[-1096.4945588 ,   531.75966971,  -866.03002353,  1938.005221  ],
       [-1165.9996659 ,   572.24477383,  -785.19791051,  1978.54468449],
       [-2795.24036826,  1225.13341885, -2054.31407441,  4796.53217007],
       [  139.92794257,   -63.96852181,   101.07281261,  -238.88664854],
       [ -252.24899483,   125.74982295,  -224.00891959,   470.41108722],
       [ -350.5798507 ,   156.90608783,  -313.57296823,   653.12981116],
       [ -149.12049488,    64.45647471,  -100.75244962,   240.07809008],
       [ -144.40218179,    37.05689237,  -108.92129712,   259.21738707],
       [ -572.73912586,   274.71300755,  -344.81301378,   909.84278479],
       [ -793.51574868,   465.11582698,  -670.23504007,  1456.51748875],
       [ -661.06941245,   271.28296556,  -516.48648935,  1179.88085341],
       [ -808.88109476,   360.23150609,  -519.88121126,  1267.58690402],
       [ 1479.19802208,  -252.09296852,  1004.02646007, -2554.98714578]]), array([[ -1892.40390617,   1636.64564194,  -1361.08205354,   -409.38640406,
         -3420.84288897,   4027.46524367,  -1829.22767249,  -5502.15072001,
         -1313.4986554 ,  -1451.45650143,   3770.79568501,  -1304.69575157,
         -5030.14249743,  22319.5923371 ]])]
