n=3
shape=[3, 13, 13, 1]
weights=[array([[  -61.61891047,   -34.98575868,   -55.36201644,    69.6744727 ],
       [  174.99831461,   102.72686819,   118.18390491,  -176.97870054],
       [  109.00931084,    68.88654844,    80.00486267,  -104.71614456],
       [ 1039.42303388,   703.14636138,   735.17513486, -1020.50803125],
       [   86.52546646,    62.64279097,    65.80011144,   -80.57737832],
       [ -536.94547944,  -319.29865481,  -497.8191212 ,   561.21865944],
       [  157.71011242,    88.49773462,   119.97564456,  -167.0616671 ],
       [ -109.75019854,   -58.80260418,   -76.70049566,   103.15046716],
       [  652.07441693,   373.07882956,   424.76027125,  -670.14981509],
       [ -121.03732964,   -73.20782212,   -89.52584249,   125.40937785],
       [ -316.7574201 ,  -191.90964421,  -275.15257469,   321.92473462],
       [  -44.17035737,   -10.47720306,   -36.03977997,    41.72118276],
       [ -442.68980693,  -315.89671478,  -322.55691695,   457.22984754]]), array([[  7.46723731e+02,   6.93180665e+02,   6.46699438e+01,
         -4.63734901e+02,  -1.90168515e+02,   5.28490998e+02,
          5.33530302e+02,  -4.92718128e+01,   9.21803183e+02,
          7.39366754e+02,  -2.80571704e+02,   8.44234349e+02,
         -6.88744508e+02,  -3.39994485e+03],
       [  4.54066882e+02,   4.16838390e+02,   4.81703852e+01,
         -2.82508804e+02,  -1.24380040e+02,   3.07135587e+02,
          3.22376037e+02,  -2.65569724e+01,   5.64318165e+02,
          4.46913921e+02,  -1.57578356e+02,   5.09427449e+02,
         -4.20670408e+02,  -2.06556268e+03],
       [  5.41605655e+02,   5.02238045e+02,   3.63622308e+01,
         -3.39016333e+02,  -1.31083017e+02,   3.90397813e+02,
          3.83889779e+02,  -3.53216137e+01,   6.65502465e+02,
          5.34911752e+02,  -2.10460307e+02,   6.12039958e+02,
         -4.99719246e+02,  -2.47640080e+03],
       [  4.93071316e+02,   4.68611429e+02,   4.78487942e+01,
         -3.00362725e+02,  -1.19445722e+02,   3.66951360e+02,
          3.63259929e+02,  -3.19832940e+01,   6.08620510e+02,
          4.95792001e+02,  -1.94896018e+02,   5.65915875e+02,
         -4.48450804e+02,  -2.24096464e+03],
       [ -1.97740125e+02,  -1.83205043e+02,  -1.98684415e+01,
          1.22499975e+02,   5.22140487e+01,  -1.37411292e+02,
         -1.41613796e+02,   1.17164100e+01,  -2.45163572e+02,
         -1.95471285e+02,   7.12851301e+01,  -2.23190870e+02,
          1.82204116e+02,   8.99328448e+02],
       [ -2.73749188e+02,  -2.43934272e+02,  -1.02033832e+01,
          1.79144692e+02,   6.67956507e+01,  -1.88115102e+02,
         -1.82533310e+02,   9.28827820e+00,  -3.36393360e+02,
         -2.61748410e+02,   9.87805018e+01,  -3.01377416e+02,
          2.56486722e+02,   1.27601546e+03],
       [  3.55406168e+02,   3.20471733e+02,   1.33962439e+01,
         -2.28125046e+02,  -8.72099519e+01,   2.45220945e+02,
          2.41619842e+02,  -2.79835371e+01,   4.33906479e+02,
          3.44885453e+02,  -1.36673870e+02,   3.94850197e+02,
         -3.33442290e+02,  -1.62725261e+03],
       [  4.28872437e+02,   3.95691271e+02,   3.42506140e+01,
         -2.68057601e+02,  -1.08766553e+02,   3.01473057e+02,
          3.03539613e+02,  -2.76081168e+01,   5.28681411e+02,
          4.22926942e+02,  -1.60360374e+02,   4.83158397e+02,
         -3.96542302e+02,  -1.95713982e+03],
       [  4.33632517e+02,   4.01871528e+02,   2.89999067e+01,
         -2.70680331e+02,  -1.06205768e+02,   3.10766528e+02,
          3.07446552e+02,  -3.25268631e+01,   5.32051792e+02,
          4.29035948e+02,  -1.69492982e+02,   4.89906513e+02,
         -4.00594046e+02,  -1.97529927e+03],
       [  1.97818029e+02,   1.84670059e+02,   1.65195392e+01,
         -1.22423381e+02,  -4.89683446e+01,   1.42828420e+02,
          1.42384643e+02,  -1.39839874e+01,   2.43494605e+02,
          1.96708052e+02,  -7.65062360e+01,   2.24669545e+02,
         -1.81637931e+02,  -8.98927282e+02],
       [  5.49148617e+00,   5.18955392e+00,   5.52490350e-01,
         -3.33083331e+00,  -1.23666779e+00,   3.74920364e+00,
          3.73347806e+00,  -4.01742267e-01,   6.61149414e+00,
          5.27772120e+00,  -2.17113233e+00,   6.06232753e+00,
         -5.05621428e+00,  -2.47204472e+01],
       [  3.26615295e+02,   3.03637514e+02,   2.57764542e+01,
         -2.03272733e+02,  -8.14122752e+01,   2.33048160e+02,
          2.32983915e+02,  -2.27042770e+01,   4.02033065e+02,
          3.23561395e+02,  -1.25217223e+02,   3.69610657e+02,
         -3.01340687e+02,  -1.48734811e+03],
       [  1.31643569e+02,   1.22055271e+02,   1.12655588e+01,
         -8.17408827e+01,  -3.34685338e+01,   9.30108993e+01,
          9.41504450e+01,  -8.79726810e+00,   1.62433596e+02,
          1.30297819e+02,  -4.92687704e+01,   1.48667793e+02,
         -1.21176823e+02,  -5.98591237e+02]]), array([[ -1319.23910484,   4126.88013372,  -2088.60724116,   4061.14191474,
         -2617.59997914,  10255.79110652,   6995.599636  ,   2528.21475217,
         -1373.78687219,   -547.03079159,  -3134.78750691,   -540.95109124,
          -465.17947491,  32240.46970807]])]
