n=6
shape=[6, 13, 1]
weights=[array([[  2.70631320e+02,   5.90137072e+01,   9.48848579e+01,
          2.07721069e+02,  -9.27629250e+00,   1.17641597e+02,
         -1.12400734e+03],
       [ -1.05719544e+04,  -1.84341606e+04,  -7.29462968e+03,
         -3.34035053e+04,  -5.49181755e+03,  -2.46885097e+04,
          1.05979166e+05],
       [ -7.09867591e+03,  -8.78461447e+03,  -5.71716926e+03,
         -1.75680571e+04,  -4.46987771e+03,  -1.44070598e+04,
          6.21566034e+04],
       [ -1.19329378e+03,  -1.35603928e+03,  -1.08586036e+03,
         -2.84724851e+03,  -1.00402454e+03,  -2.45625023e+03,
          1.09599845e+04],
       [ -3.59345503e+03,  -4.44512476e+03,  -3.84281921e+03,
         -8.89646860e+03,  -2.61808882e+03,  -7.72743804e+03,
          3.33795417e+04],
       [ -6.15914755e+02,  -8.43939602e+02,  -4.65721337e+02,
         -1.66996736e+03,  -3.10808962e+02,  -1.24002235e+03,
          5.40163820e+03],
       [ -1.58859420e+03,  -2.29954547e+03,  -2.06777810e+03,
         -5.13646955e+03,  -2.08403182e+03,  -4.55261246e+03,
          1.96777530e+04],
       [  1.20937101e+03,   1.35746092e+03,   5.38057624e+02,
          2.22654646e+03,   9.72398344e+02,   1.62226892e+03,
         -8.87629970e+03],
       [  2.39161744e+03,   3.15075720e+03,   2.77825654e+03,
          6.52702422e+03,   2.10748874e+03,   5.38662209e+03,
         -2.40655856e+04],
       [  4.61230665e+03,   5.46763033e+03,   5.30568725e+03,
          1.14285019e+04,   4.80545567e+03,   9.79981141e+03,
         -4.20609468e+04],
       [  1.01619627e+03,   1.30631780e+03,   1.17877063e+03,
          2.59811365e+03,   8.09802582e+02,   2.24122005e+03,
         -1.00963564e+04],
       [  4.49561135e+02,   4.27658410e+02,   6.13891217e+02,
          9.72053262e+02,   3.35194940e+02,   9.68772296e+02,
         -4.67237673e+03],
       [ -8.08852098e+02,  -9.54755469e+02,  -1.09881538e+03,
         -1.89676265e+03,  -6.03241469e+02,  -1.66060100e+03,
          7.51069157e+03]]), array([[ -95200.52194194,  -45627.44162651,  -12261.80199436,
          -6950.79908022,  -24049.0368513 ,   10982.32850864,
          29665.77818241,   48265.49349288,   13034.50910149,
          26366.16143426,   14006.0841366 ,   79441.21946384,
          28131.03475872,  469270.53686551]])]
