n=4
shape=[4, 13, 1]
weights=[array([[   124.63638144,  -1059.88158221,  -1240.33286678,   -317.86038122,
          2699.44562235],
       [ -1000.6829617 ,   2999.16637266,   2895.23165571,     24.84069306,
         -5908.50092351],
       [    29.31371068,   -590.49326649,   -546.89422794,    -74.88965521,
          1359.33913409],
       [   116.96435459,   -629.8749879 ,   -596.31196073,   -108.00860924,
          1328.93910818],
       [  -146.27507666,   1000.54911866,    996.99644093,    267.79390719,
         -2343.65048469],
       [   958.0692014 ,  -1626.20725436,  -1811.0573724 ,   -505.18907249,
          4778.85444775],
       [  -355.85908345,   2554.80112839,   2319.18810558,    581.21520367,
         -6024.26550555],
       [  -560.72680986,   5598.9629034 ,   5587.13551135,   1384.99386069,
        -11805.56598802],
       [   352.53289318,  -1916.17892878,  -1778.89518568,   -582.0705311 ,
          4501.59047256],
       [  -943.11630385,   1871.35901566,   1847.50137701,     39.88899949,
         -5821.06792612],
       [   -64.67490224,    466.39284931,    430.41132568,    125.53582807,
         -1079.24149012],
       [  -563.93295538,   5083.64328925,   4600.64752079,   1364.69259598,
        -11771.48394425],
       [   674.49566614,  -4031.36920092,  -4223.37674301,  -1025.0769218 ,
          9101.83386129]]), array([[  4679.43039271, -11891.63554279,  12365.97733974,   4888.99610798,
           265.0412995 ,  22741.34956257,   2884.59378135,   3779.10470628,
         -3806.13484957, -17060.50694078,  -2775.48835987,   2916.41935274,
         -4375.95713057,  68196.21826602]])]
