n=6
shape=[6, 13, 13, 1]
weights=[array([[  -859.71976625,   -288.97766644,   -662.33659629,   -612.20726134,
          -790.13649716,   -708.89265751,   2886.88887916],
       [  -446.28451094,   -590.1500571 ,  -2091.45598818,  -1230.33262591,
         -2497.98099914,  -1020.17067497,   6918.07623047],
       [ -1135.18178924,   -997.04054112,  -2253.46987932,  -1341.76305665,
         -2227.05818915,  -1176.49374505,   7801.22208716],
       [ -5469.84161936,  -5562.14602825, -10227.38976225,  -6789.69324874,
        -10536.4281759 ,  -5515.68197074,  35839.06075623],
       [  1160.47767339,    996.94424091,   1614.10846984,    557.67487727,
          1764.61572771,    961.96848455,  -6009.40609457],
       [ -3649.79099119,   -905.40230933,  -5605.03691441,  -3637.15846497,
         -7105.97647293,  -2892.67086235,  19228.46941759],
       [   101.97118386,    448.40520712,   1628.92537294,    831.81965895,
          2186.73981182,    832.36472773,  -5556.78438104],
       [  -165.03673452,    -54.25896619,   -388.11838967,   -128.35236693,
          -352.82810976,   -115.96591772,   1038.07223222],
       [    79.53006599,    189.06069608,     94.07556749,    170.62905218,
            96.52917067,    282.6345932 ,   -660.84976498],
       [  3410.57006119,   1044.76928062,   4397.06489393,   1961.2176228 ,
          4203.95391846,   2475.80071413, -14611.02140969],
       [  3031.945156  ,   1275.86145436,   4393.71191403,   1267.07612156,
          4029.65483422,   1499.50317321, -13959.3177622 ],
       [  1373.87099745,    733.91015878,   1673.91107014,   1205.25221066,
          1671.74150759,   1015.84566636,  -6345.29806977],
       [  4139.50214961,   1709.48965801,   4792.82831593,   2884.858791  ,
          4767.73517735,   2246.38202897, -15447.50483549]]), array([[  6.71132948e+02,  -9.63655249e+01,   4.81929951e+02,
         -7.51880020e+02,  -9.28452584e+02,   4.61998035e+02,
          2.48654359e+02,   2.05471281e+02,  -1.13946532e+03,
         -6.95726487e+02,  -9.81601832e+02,   5.70958508e+02,
         -6.70829566e+02,   6.56927323e+03],
       [  8.41201084e+03,  -1.24918660e+03,   6.38941417e+03,
         -9.76962667e+03,  -1.18641037e+04,   5.67960200e+03,
          2.93379355e+03,   2.63806792e+03,  -1.53173768e+04,
         -8.51087893e+03,  -1.25834513e+04,   7.92904554e+03,
         -8.12086222e+03,   8.62594988e+04],
       [ -1.95383584e+03,   2.92317111e+02,  -1.38737066e+03,
          2.18354747e+03,   2.67049265e+03,  -1.34999200e+03,
         -6.69729043e+02,  -5.66129786e+02,   3.44822024e+03,
          1.99072604e+03,   2.85661441e+03,  -1.74196144e+03,
          1.87563122e+03,  -1.95697610e+04],
       [ -2.23494926e+03,   3.38639238e+02,  -1.57623348e+03,
          2.48339377e+03,   3.02660084e+03,  -1.56225579e+03,
         -7.54157827e+02,  -6.40361231e+02,   3.81132270e+03,
          2.29648905e+03,   3.26640967e+03,  -1.93059942e+03,
          2.20835631e+03,  -2.19970150e+04],
       [  3.77251207e+03,  -5.25229334e+02,   2.64547609e+03,
         -4.17899280e+03,  -5.23856240e+03,   2.59053082e+03,
          1.51167781e+03,   1.20773902e+03,  -6.06592521e+03,
         -4.02568267e+03,  -5.48397717e+03,   2.96288092e+03,
         -3.97986960e+03,   3.57546968e+04],
       [  5.06873793e+02,  -7.95791440e+01,   3.38748661e+02,
         -5.48035089e+02,  -6.67701828e+02,   3.59997094e+02,
          1.68112429e+02,   1.28552686e+02,  -8.47841018e+02,
         -5.15364927e+02,  -7.22219402e+02,   4.24514534e+02,
         -4.91319389e+02,   4.91648773e+03],
       [ -3.74142977e+02,   5.83559319e+01,  -2.72449729e+02,
          4.24695611e+02,   5.14899354e+02,  -2.54569304e+02,
         -1.28005989e+02,  -1.12189043e+02,   6.62462756e+02,
          3.80398887e+02,   5.51075797e+02,  -3.38379666e+02,
          3.63734328e+02,  -3.76400930e+03],
       [ -2.47630718e+03,   3.61239961e+02,  -1.78182633e+03,
          2.78149175e+03,   3.41271614e+03,  -1.71441677e+03,
         -8.97859290e+02,  -7.37314927e+02,   4.19375125e+03,
          2.55188835e+03,   3.62233433e+03,  -2.12021823e+03,
          2.47904641e+03,  -2.42667687e+04],
       [ -1.03578106e+04,   1.68280656e+03,  -7.50609401e+03,
          1.18477177e+04,   1.44448508e+04,  -6.79424338e+03,
         -4.33440720e+03,  -3.04998393e+03,   1.71274964e+04,
          1.04665856e+04,   1.47053727e+04,  -8.60700532e+03,
          1.06213507e+04,  -9.98472495e+04],
       [ -7.97065443e+03,   1.15899531e+03,  -5.76630632e+03,
          8.98140023e+03,   1.10466968e+04,  -5.46851535e+03,
         -2.91932813e+03,  -2.42856321e+03,   1.36901866e+04,
          8.22190071e+03,   1.16861774e+04,  -6.90761539e+03,
          7.92188351e+03,  -7.86471550e+04],
       [ -1.21165535e+03,   1.77669921e+02,  -8.23156533e+02,
          1.30980394e+03,   1.62106228e+03,  -8.56374475e+02,
         -4.16559113e+02,  -3.39269658e+02,   2.02503378e+03,
          1.25843841e+03,   1.74729825e+03,  -1.00319816e+03,
          1.18334734e+03,  -1.17084939e+04],
       [ -2.28495124e+02,   3.22830459e+01,  -1.59953758e+02,
          2.52475239e+02,   3.10175450e+02,  -1.61352847e+02,
         -7.12834655e+01,  -7.02997751e+01,   4.10656019e+02,
          2.38863932e+02,   3.40995919e+02,  -2.05650276e+02,
          2.19633148e+02,  -2.31679443e+03],
       [ -3.95917089e+03,   5.77715922e+02,  -2.87455315e+03,
          4.49096966e+03,   5.51353048e+03,  -2.69999851e+03,
         -1.49579619e+03,  -1.23219572e+03,   6.71808017e+03,
          4.09729326e+03,   5.79948510e+03,  -3.38135657e+03,
          4.02588483e+03,  -3.88561954e+04]]), array([[  8.14266042e+01,   4.09390504e+04,   4.31778035e+04,
          5.72217157e+04,   3.84737098e+04,   4.08816530e+04,
         -5.48591961e+04,  -1.98858656e+04,  -6.10956790e+04,
         -1.62967381e+04,  -2.89505247e+04,  -7.56478057e+04,
         -2.35231724e+04,   5.03464734e+05]])]
