n=5
centers=[array([-3., -3., -3., -3., -3.]), array([-3., -3., -3., -3.,  3.]), array([-3., -3., -3.,  3., -3.]), array([-3., -3., -3.,  3.,  3.]), array([-3., -3.,  3., -3., -3.]), array([-3., -3.,  3., -3.,  3.]), array([-3., -3.,  3.,  3., -3.]), array([-3., -3.,  3.,  3.,  3.]), array([-3.,  3., -3., -3., -3.]), array([-3.,  3., -3., -3.,  3.]), array([-3.,  3., -3.,  3., -3.]), array([-3.,  3., -3.,  3.,  3.]), array([-3.,  3.,  3., -3., -3.]), array([-3.,  3.,  3., -3.,  3.]), array([-3.,  3.,  3.,  3., -3.]), array([-3.,  3.,  3.,  3.,  3.]), array([ 3., -3., -3., -3., -3.]), array([ 3., -3., -3., -3.,  3.]), array([ 3., -3., -3.,  3., -3.]), array([ 3., -3., -3.,  3.,  3.]), array([ 3., -3.,  3., -3., -3.]), array([ 3., -3.,  3., -3.,  3.]), array([ 3., -3.,  3.,  3., -3.]), array([ 3., -3.,  3.,  3.,  3.]), array([ 3.,  3., -3., -3., -3.]), array([ 3.,  3., -3., -3.,  3.]), array([ 3.,  3., -3.,  3., -3.]), array([ 3.,  3., -3.,  3.,  3.]), array([ 3.,  3.,  3., -3., -3.]), array([ 3.,  3.,  3., -3.,  3.]), array([ 3.,  3.,  3.,  3., -3.]), array([ 3.,  3.,  3.,  3.,  3.])]
weights=[ 61905.79770625  50179.91957864  49324.59252676  39491.36676756
  50329.66970976  38544.32462974  39593.26740308  28350.3375748
  50299.47383334  38210.49084067  38646.99275244  27263.35905502
  38448.14481645  28239.69241072  27738.24001909  16443.68100138
  60555.8244005   50459.06905784  50900.43803016  38317.88556531
  50661.04958521  39308.63609825  39634.78267501  27053.58457937
  50428.73388447  38179.33141746  39031.21944565  28045.35942225
  38582.18124009  27602.25142087  28336.47815632  16682.59643115]
