n=6
centers=[array([-3., -3., -3., -3., -3., -3.]), array([-3., -3., -3., -3., -3.,  3.]), array([-3., -3., -3., -3.,  3., -3.]), array([-3., -3., -3., -3.,  3.,  3.]), array([-3., -3., -3.,  3., -3., -3.]), array([-3., -3., -3.,  3., -3.,  3.]), array([-3., -3., -3.,  3.,  3., -3.]), array([-3., -3., -3.,  3.,  3.,  3.]), array([-3., -3.,  3., -3., -3., -3.]), array([-3., -3.,  3., -3., -3.,  3.]), array([-3., -3.,  3., -3.,  3., -3.]), array([-3., -3.,  3., -3.,  3.,  3.]), array([-3., -3.,  3.,  3., -3., -3.]), array([-3., -3.,  3.,  3., -3.,  3.]), array([-3., -3.,  3.,  3.,  3., -3.]), array([-3., -3.,  3.,  3.,  3.,  3.]), array([-3.,  3., -3., -3., -3., -3.]), array([-3.,  3., -3., -3., -3.,  3.]), array([-3.,  3., -3., -3.,  3., -3.]), array([-3.,  3., -3., -3.,  3.,  3.]), array([-3.,  3., -3.,  3., -3., -3.]), array([-3.,  3., -3.,  3., -3.,  3.]), array([-3.,  3., -3.,  3.,  3., -3.]), array([-3.,  3., -3.,  3.,  3.,  3.]), array([-3.,  3.,  3., -3., -3., -3.]), array([-3.,  3.,  3., -3., -3.,  3.]), array([-3.,  3.,  3., -3.,  3., -3.]), array([-3.,  3.,  3., -3.,  3.,  3.]), array([-3.,  3.,  3.,  3., -3., -3.]), array([-3.,  3.,  3.,  3., -3.,  3.]), array([-3.,  3.,  3.,  3.,  3., -3.]), array([-3.,  3.,  3.,  3.,  3.,  3.]), array([ 3., -3., -3., -3., -3., -3.]), array([ 3., -3., -3., -3., -3.,  3.]), array([ 3., -3., -3., -3.,  3., -3.]), array([ 3., -3., -3., -3.,  3.,  3.]), array([ 3., -3., -3.,  3., -3., -3.]), array([ 3., -3., -3.,  3., -3.,  3.]), array([ 3., -3., -3.,  3.,  3., -3.]), array([ 3., -3., -3.,  3.,  3.,  3.]), array([ 3., -3.,  3., -3., -3., -3.]), array([ 3., -3.,  3., -3., -3.,  3.]), array([ 3., -3.,  3., -3.,  3., -3.]), array([ 3., -3.,  3., -3.,  3.,  3.]), array([ 3., -3.,  3.,  3., -3., -3.]), array([ 3., -3.,  3.,  3., -3.,  3.]), array([ 3., -3.,  3.,  3.,  3., -3.]), array([ 3., -3.,  3.,  3.,  3.,  3.]), array([ 3.,  3., -3., -3., -3., -3.]), array([ 3.,  3., -3., -3., -3.,  3.]), array([ 3.,  3., -3., -3.,  3., -3.]), array([ 3.,  3., -3., -3.,  3.,  3.]), array([ 3.,  3., -3.,  3., -3., -3.]), array([ 3.,  3., -3.,  3., -3.,  3.]), array([ 3.,  3., -3.,  3.,  3., -3.]), array([ 3.,  3., -3.,  3.,  3.,  3.]), array([ 3.,  3.,  3., -3., -3., -3.]), array([ 3.,  3.,  3., -3., -3.,  3.]), array([ 3.,  3.,  3., -3.,  3., -3.]), array([ 3.,  3.,  3., -3.,  3.,  3.]), array([ 3.,  3.,  3.,  3., -3., -3.]), array([ 3.,  3.,  3.,  3., -3.,  3.]), array([ 3.,  3.,  3.,  3.,  3., -3.]), array([ 3.,  3.,  3.,  3.,  3.,  3.])]
weights=[ 9267.84724842  8285.05176604  8087.23575026  6888.29554653  7050.57168011
  6477.54914726  6810.02049661  5233.20255805  8689.9233677   7379.38140414
  5840.38126295  5293.89729229  7176.25476033  5552.34108341  5231.56005299
  3745.33981146  7736.78649391  6341.27701944  6970.31665426  5266.59299798
  6372.02790491  5465.14511014  5156.94015422  4182.84185678  6558.35452898
  5708.95641065  4543.83553498  3768.59998246  5193.24147412  3924.53650427
  3241.23601558  2750.14081108  9579.64812583  8762.7319903   7650.90034793
  6621.84841226  7831.30530935  6187.49550148  6328.27735625  5242.30095191
  8325.33883759  6483.63614999  6566.51169051  5224.5812678   7004.36585427
  5434.08836576  5053.47537813  3554.19567205  7834.87298188  6631.79259796
  6448.66351003  5230.25134066  6295.68544771  5599.64087284  5169.76498316
  3791.35485952  6286.8338645   5204.7283933   5549.03535008  3932.57920549
  5136.2910998   3999.85483419  3666.93675643  2876.73658669]
