n=4
centers=[array([-3., -3., -3., -3.]), array([-3.        , -3.        , -3.        ,  2.82217231]), array([-3., -3., -3.,  3.]), array([-3.        , -3.        ,  2.82217231, -3.        ]), array([-3.        , -3.        ,  2.82217231,  2.82217231]), array([-3.        , -3.        ,  2.82217231,  3.        ]), array([-3., -3.,  3., -3.]), array([-3.        , -3.        ,  3.        ,  2.82217231]), array([-3., -3.,  3.,  3.]), array([-3.        ,  2.82217231, -3.        , -3.        ]), array([-3.        ,  2.82217231, -3.        ,  2.82217231]), array([-3.        ,  2.82217231, -3.        ,  3.        ]), array([-3.        ,  2.82217231,  2.82217231, -3.        ]), array([-3.        ,  2.82217231,  2.82217231,  2.82217231]), array([-3.        ,  2.82217231,  2.82217231,  3.        ]), array([-3.        ,  2.82217231,  3.        , -3.        ]), array([-3.        ,  2.82217231,  3.        ,  2.82217231]), array([-3.        ,  2.82217231,  3.        ,  3.        ]), array([-3.,  3., -3., -3.]), array([-3.        ,  3.        , -3.        ,  2.82217231]), array([-3.,  3., -3.,  3.]), array([-3.        ,  3.        ,  2.82217231, -3.        ]), array([-3.        ,  3.        ,  2.82217231,  2.82217231]), array([-3.        ,  3.        ,  2.82217231,  3.        ]), array([-3.,  3.,  3., -3.]), array([-3.        ,  3.        ,  3.        ,  2.82217231]), array([-3.,  3.,  3.,  3.]), array([ 2.82217231, -3.        , -3.        , -3.        ]), array([ 2.82217231, -3.        , -3.        ,  2.82217231]), array([ 2.82217231, -3.        , -3.        ,  3.        ]), array([ 2.82217231, -3.        ,  2.82217231, -3.        ]), array([ 2.82217231, -3.        ,  2.82217231,  2.82217231]), array([ 2.82217231, -3.        ,  2.82217231,  3.        ]), array([ 2.82217231, -3.        ,  3.        , -3.        ]), array([ 2.82217231, -3.        ,  3.        ,  2.82217231]), array([ 2.82217231, -3.        ,  3.        ,  3.        ]), array([ 2.82217231,  2.82217231, -3.        , -3.        ]), array([ 2.82217231,  2.82217231, -3.        ,  2.82217231]), array([ 2.82217231,  2.82217231, -3.        ,  3.        ]), array([ 2.82217231,  2.82217231,  2.82217231, -3.        ]), array([ 2.82217231,  2.82217231,  2.82217231,  2.82217231]), array([ 2.82217231,  2.82217231,  2.82217231,  3.        ]), array([ 2.82217231,  2.82217231,  3.        , -3.        ]), array([ 2.82217231,  2.82217231,  3.        ,  2.82217231]), array([ 2.82217231,  2.82217231,  3.        ,  3.        ]), array([ 2.82217231,  3.        , -3.        , -3.        ]), array([ 2.82217231,  3.        , -3.        ,  2.82217231]), array([ 2.82217231,  3.        , -3.        ,  3.        ]), array([ 2.82217231,  3.        ,  2.82217231, -3.        ]), array([ 2.82217231,  3.        ,  2.82217231,  2.82217231]), array([ 2.82217231,  3.        ,  2.82217231,  3.        ]), array([ 2.82217231,  3.        ,  3.        , -3.        ]), array([ 2.82217231,  3.        ,  3.        ,  2.82217231]), array([ 2.82217231,  3.        ,  3.        ,  3.        ]), array([ 3., -3., -3., -3.]), array([ 3.        , -3.        , -3.        ,  2.82217231]), array([ 3., -3., -3.,  3.]), array([ 3.        , -3.        ,  2.82217231, -3.        ]), array([ 3.        , -3.        ,  2.82217231,  2.82217231]), array([ 3.        , -3.        ,  2.82217231,  3.        ]), array([ 3., -3.,  3., -3.]), array([ 3.        , -3.        ,  3.        ,  2.82217231]), array([ 3., -3.,  3.,  3.]), array([ 3.        ,  2.82217231, -3.        , -3.        ]), array([ 3.        ,  2.82217231, -3.        ,  2.82217231]), array([ 3.        ,  2.82217231, -3.        ,  3.        ]), array([ 3.        ,  2.82217231,  2.82217231, -3.        ]), array([ 3.        ,  2.82217231,  2.82217231,  2.82217231]), array([ 3.        ,  2.82217231,  2.82217231,  3.        ]), array([ 3.        ,  2.82217231,  3.        , -3.        ]), array([ 3.        ,  2.82217231,  3.        ,  2.82217231]), array([ 3.        ,  2.82217231,  3.        ,  3.        ]), array([ 3.,  3., -3., -3.]), array([ 3.        ,  3.        , -3.        ,  2.82217231]), array([ 3.,  3., -3.,  3.]), array([ 3.        ,  3.        ,  2.82217231, -3.        ]), array([ 3.        ,  3.        ,  2.82217231,  2.82217231]), array([ 3.        ,  3.        ,  2.82217231,  3.        ]), array([ 3.,  3.,  3., -3.]), array([ 3.        ,  3.        ,  3.        ,  2.82217231]), array([ 3.,  3.,  3.,  3.])]
weights=[  5.42319507e+04   3.05185942e+04   2.41224566e+04   2.66273298e+04
   1.25809933e+04   9.38280133e+03   2.27509692e+04   9.74391041e+03
   7.06289647e+03   2.67912125e+04   1.16866814e+04   7.99476627e+03
   1.09023949e+04   3.83670878e+03   1.77644982e+03   9.41863946e+03
   2.71197037e+03   9.33164082e+02   2.24488546e+04   1.00581160e+04
   6.78356114e+03   8.39283575e+03   2.79908029e+03   1.01073402e+03
   7.17791587e+03   1.83338419e+03   2.93900573e+02   3.57069964e+04
   1.76940792e+04   1.19122208e+04   1.55169357e+04   7.45813413e+03
   4.07542153e+03   1.24777521e+04   5.01271588e+03   2.16925239e+03
   1.74621028e+04   7.48966174e+03   3.82825332e+03   7.32720566e+03
   3.00782842e+03   9.55978124e+02   6.31293009e+03   1.76913364e+03
  -3.36649123e+00   1.44991003e+04   6.33708054e+03   3.04615984e+03
   4.48371270e+03   2.12217353e+03   3.44792904e+02   3.72347756e+03
   1.02770557e+03  -5.00843171e+02   3.02874248e+04   1.46325078e+04
   9.57208568e+03   1.32167029e+04   6.55391537e+03   3.50962832e+03
   1.05050809e+04   4.32975282e+03   1.77741708e+03   1.30775551e+04
   4.93058555e+03   1.89080902e+03   5.13314493e+03   2.46343485e+03
   6.52017018e+02   4.33046928e+03   1.34910862e+03  -2.11912807e+02
   1.06319954e+04   4.02168669e+03   1.29727600e+03   2.71072998e+03
   1.65175406e+03   8.88549915e+01   2.12814121e+03   6.72415911e+02
  -6.68125918e+02]
